23
4




0.95 0.05 0    0    0
0    0    0    0    0 
0    0         0    0
0    0         0    0
0    0    0    0    0

0.05 0.9  0.05 0    0
0    0    0    0    0 
0    0         0    0
0    0         0    0
0    0    0    0    0

0    0.05 0.9  0.05 0
0    0    0    0    0 
0    0         0    0
0    0         0    0
0    0    0    0    0

0    0    0.05 0.9  0.05
0    0    0    0    0 
0    0         0    0
0    0         0    0
0    0    0    0    0

0    0    0    0.05 0.95
0    0    0    0    0 
0    0         0    0
0    0         0    0
0    0    0    0    0

0.8  0    0    0    0
0.15 0.05 0    0    0 
0    0         0    0
0    0         0    0
0    0    0    0    0

0    0.8  0    0    0
0.05 0.1  0.05 0    0 
0    0         0    0
0    0         0    0
0    0    0    0    0

0    0    0.8  0    0
0    0.05 0.1  0.05 0 
0    0         0    0
0    0         0    0
0    0    0    0    0

0    0    0    0.8  0
0    0    0.05 0.1  0.05
0    0         0    0
0    0         0    0
0    0    0    0    0

0    0    0    0    0.8
0    0    0    0.05 0.15
0    0         0    0
0    0         0    0
0    0    0    0    0

0    0    0    0    0
0.8  0    0    0    0 
0.15 0.05      0    0
0    0         0    0
0    0    0    0    0

0    0    0    0    0
0    0.8  0    0    0 
0.05 0.15      0    0
0    0         0    0
0    0    0    0    0

0    0    0    0    0
0    0    0    0.8  0 
0    0         0.15 0.05
0    0         0    0
0    0    0    0    0

0    0    0    0    0
0    0    0    0    0.8
0    0         0.05 0.15
0    0         0    0
0    0    0    0    0

0    0    0    0    0
0    0    0    0    0 
0.8  0         0    0
0.15 0.05      0    0
0    0    0    0    0

0    0    0    0    0
0    0    0    0    0 
0    0.8       0    0
0.05 0.15      0    0
0    0    0    0    0

0    0    0    0    0
0    0    0    0    0 
0    0         0.8  0
0    0         0.15 0.05
0    0    0    0    0

0    0    0    0    0
0    0    0    0    0 
0    0         0    0.8
0    0         0.05 0.15
0    0    0    0    0

0    0    0    0    0
0    0    0    0    0 
0    0         0    0
0.8  0         0    0
0.15 0.05 0    0    0

0    0    0    0    0
0    0    0    0    0 
0    0         0    0
0    0.8       0    0
0.05 0.1  0.05 0    0

0    0    0    0    0
0    0    0    0    0 
0    0         0    0
0    0         0    0
0    0.05 0.9  0.05 0

0    0    0    0    0
0    0    0    0    0 
0    0         0    0
0    0         0.8  0
0    0    0.05 0.1  0.05

0    0    0    0    0
0    0    0    0    0 
0    0         0    0
0    0         0    0
0    0    0    0    1




0.15 0.05 0    0    0
0.8  0    0    0    0 
0    0         0    0
0    0         0    0
0    0    0    0    0

0.05 0.1  0.05 0    0
0    0.8  0    0    0 
0    0         0    0
0    0         0    0
0    0    0    0    0

0    0.05 0.1  0.05 0
0    0    0.8  0    0 
0    0         0    0
0    0         0    0
0    0    0    0    0

0    0    0.05 0.1  0.05
0    0    0    0.8  0 
0    0         0    0
0    0         0    0
0    0    0    0    0

0    0    0    0.05 0.15
0    0    0    0    0.8
0    0         0    0
0    0         0    0
0    0    0    0    0

0    0    0    0    0
0.15 0.05 0    0    0 
0.8  0         0    0
0    0         0    0
0    0    0    0    0

0    0    0    0    0
0.05 0.1  0.05 0    0 
0    0.8       0    0
0    0         0    0
0    0    0    0    0

0    0    0    0    0
0    0.05 0.9  0.05 0 
0    0         0    0
0    0         0    0
0    0    0    0    0

0    0    0    0    0
0    0    0.05 0.1  0.05
0    0         0.8  0
0    0         0    0
0    0    0    0    0

0    0    0    0    0
0    0    0    0.05 0.15
0    0         0    0.8
0    0         0    0
0    0    0    0    0

0    0    0    0    0
0    0    0    0    0 
0.15 0.05      0    0
0.8  0         0    0
0    0    0    0    0

0    0    0    0    0
0    0    0    0    0 
0.05 0.15      0    0
0    0.8       0    0
0    0    0    0    0

0    0    0    0    0
0    0    0    0    0 
0    0         0.15 0.05
0    0         0.8  0
0    0    0    0    0

0    0    0    0    0
0    0    0    0    0 
0    0         0.05 0.15
0    0         0    0.8
0    0    0    0    0

0    0    0    0    0
0    0    0    0    0 
0    0         0    0
0.15 0.05      0    0
0.8  0    0    0    0

0    0    0    0    0
0    0    0    0    0 
0    0         0    0
0.05 0.15      0    0
0    0.8  0    0    0

0    0    0    0    0
0    0    0    0    0 
0    0         0    0
0    0         0.15 0.05
0    0    0    0.8  0

0    0    0    0    0
0    0    0    0    0 
0    0         0    0
0    0         0.05 0.15
0    0    0    0    0.8

0    0    0    0    0
0    0    0    0    0 
0    0         0    0
0    0         0    0
0.95 0.05 0    0    0

0    0    0    0    0
0    0    0    0    0 
0    0         0    0
0    0         0    0
0.05 0.9  0.05 0    0

0    0    0    0    0
0    0    0    0    0 
0    0         0    0
0    0         0    0
0    0.05 0.9  0.05 0

0    0    0    0    0
0    0    0    0    0 
0    0         0    0
0    0         0    0
0    0    0.05 0.9  0.05

0    0    0    0    0
0    0    0    0    0 
0    0         0    0
0    0         0    0
0    0    0    0    1





0.95 0    0    0    0
0.05 0    0    0    0 
0    0         0    0
0    0         0    0
0    0    0    0    0

0.8  0.15 0    0    0
0    0.05 0    0    0 
0    0         0    0
0    0         0    0
0    0    0    0    0

0    0.8  0.15 0    0
0    0    0.05 0    0 
0    0         0    0
0    0         0    0
0    0    0    0    0

0    0    0.8  0.15 0
0    0    0    0.05 0 
0    0         0    0
0    0         0    0
0    0    0    0    0

0    0    0    0.8  0.15
0    0    0    0    0.05
0    0         0    0
0    0         0    0
0    0    0    0    0

0.05 0    0    0    0
0.9  0    0    0    0 
0.05 0         0    0
0    0         0    0
0    0    0    0    0

0    0.05 0    0    0
0.8  0.1  0    0    0 
0    0.05      0    0
0    0         0    0
0    0    0    0    0

0    0    0.05 0    0
0    0.8  0.15 0    0 
0    0         0    0
0    0         0    0
0    0    0    0    0

0    0    0    0.05 0
0    0    0.8  0.1  0 
0    0         0.05 0
0    0         0    0
0    0    0    0    0

0    0    0    0    0.05
0    0    0    0.8  0.1
0    0         0    0.05
0    0         0    0
0    0    0    0    0

0    0    0    0    0
0.05 0    0    0    0 
0.9  0         0    0
0.05 0         0    0
0    0    0    0    0

0    0    0    0    0
0    0.05 0    0    0 
0.8  0.1       0    0
0    0.05      0    0
0    0    0    0    0

0    0    0    0    0
0    0    0    0.05 0 
0    0         0.9  0
0    0         0.05 0
0    0    0    0    0

0    0    0    0    0
0    0    0    0    0.05
0    0         0.8  0.1
0    0         0    0.05
0    0    0    0    0

0    0    0    0    0
0    0    0    0    0 
0.05 0         0    0
0.9  0         0    0
0.05 0    0    0    0

0    0    0    0    0
0    0    0    0    0 
0    0.05      0    0
0.8  0.1       0    0
0    0.05 0    0    0

0    0    0    0    0
0    0    0    0    0 
0    0         0.05 0
0    0         0.9  0
0    0    0    0.05 0

0    0    0    0    0
0    0    0    0    0 
0    0         0    0.05
0    0         0.8  0.1
0    0    0    0    0.05

0    0    0    0    0
0    0    0    0    0 
0    0         0    0
0.05 0         0    0
0.95 0    0    0    0

0    0    0    0    0
0    0    0    0    0 
0    0         0    0
0    0.05      0    0
0.8  0.15 0    0    0

0    0    0    0    0
0    0    0    0    0 
0    0         0    0
0    0         0    0
0    0.8  0.2  0    0

0    0    0    0    0
0    0    0    0    0 
0    0         0    0
0    0         0.05 0
0    0    0.8  0.15 0

0    0    0    0    0
0    0    0    0    0 
0    0         0    0
0    0         0    0
0    0    0    0    1





0.15 0.8  0    0    0
0.05 0    0    0    0 
0    0         0    0
0    0         0    0
0    0    0    0    0

0    0.15 0.8  0    0
0    0.05 0    0    0 
0    0         0    0
0    0         0    0
0    0    0    0    0

0    0    0.15 0.8  0
0    0    0.05 0    0 
0    0         0    0
0    0         0    0
0    0    0    0    0

0    0    0    0.15 0.8
0    0    0    0.05 0 
0    0         0    0
0    0         0    0
0    0    0    0    0

0    0    0    0    0.95
0    0    0    0    0.05
0    0         0    0
0    0         0    0
0    0    0    0    0

0.05 0    0    0    0
0.1  0.8  0    0    0 
0.05 0         0    0
0    0         0    0
0    0    0    0    0

0    0.05 0    0    0
0    0.1  0.8  0    0 
0    0.05      0    0
0    0         0    0
0    0    0    0    0

0    0    0.05 0    0
0    0    0.15 0.8  0 
0    0         0    0
0    0         0    0
0    0    0    0    0

0    0    0    0.05 0
0    0    0    0.1  0.8
0    0         0.05 0
0    0         0    0
0    0    0    0    0

0    0    0    0    0.05
0    0    0    0    0.9
0    0         0    0.05
0    0         0    0
0    0    0    0    0

0    0    0    0    0
0.05 0    0    0    0 
0.1  0.8       0    0
0.05 0         0    0
0    0    0    0    0

0    0    0    0    0
0    0.05 0    0    0 
0    0.9       0    0
0    0.05      0    0
0    0    0    0    0

0    0    0    0    0
0    0    0    0.05 0 
0    0         0.1  0.8
0    0         0.05 0
0    0    0    0    0

0    0    0    0    0
0    0    0    0    0.05
0    0         0    0.9
0    0         0    0.05
0    0    0    0    0

0    0    0    0    0
0    0    0    0    0 
0.05 0         0    0
0.1  0.8       0    0
0.05 0    0    0    0

0    0    0    0    0
0    0    0    0    0 
0    0.05      0    0
0    0.9       0    0
0    0.05 0    0    0

0    0    0    0    0
0    0    0    0    0 
0    0         0.05 0
0    0         0.1  0.8
0    0    0    0.05 0

0    0    0    0    0
0    0    0    0    0 
0    0         0    0.05
0    0         0    0.9
0    0    0    0    0.05

0    0    0    0    0
0    0    0    0    0 
0    0         0    0
0.05 0         0    0
0.15 0.8  0    0    0

0    0    0    0    0
0    0    0    0    0 
0    0         0    0
0    0.05      0    0
0    0.15 0.8  0    0

0    0    0    0    0
0    0    0    0    0 
0    0         0    0
0    0         0    0
0    0    0.2  0.8  0

0    0    0    0    0
0    0    0    0    0 
0    0         0    0
0    0         0.05 0
0    0    0    0.15 0.8

0    0    0    0    0
0    0    0    0    0 
0    0         0    0
0    0         0    0
0    0    0    0    1




0 0 0 0    0 0 0 0    0 0 0 0    0 0 0 0    0 0 0 0
0 0 0 0    0 0 0 0    0 0 0 0    0 0 0 0    0 0 0 0
0 0 0 0    0 0 0 0               0 0 0 0    0 0 0 0
0 0 0 0    0 0 0 0               0 0 0 0    0 8 0.5 0.5
0 0 0 0    -.5 -.5 0 -8    -9 -9 -2 -2    0 0 -8 8    0 0 0 0




0.9
